0 30.8667 0.0 0 0.0 0.0
1 41.1556 0.0 0 0.0 0.0
2 51.4445 0.0 0 0.0 0.0
3 61.733399999999996 0.0 0 0.0 0.0
4 30.8667 0.0 250.0 0.0 0.0
5 30.8667 0.0 250.0 0.0 0.0
6 30.8667 0.0 500.0 0.0 0.0
7 30.8667 0.0 500.0 0.0 0.0
8 30.8667 0.0 1000.0 0.0 0.0
9 30.8667 0.0 1000.0 0.0 0.0
10 41.1556 0.0 250.0 0.0 0.0
11 41.1556 0.0 250.0 0.0 0.0
12 41.1556 0.0 500.0 0.0 0.0
13 41.1556 0.0 500.0 0.0 0.0
14 41.1556 0.0 1000.0 0.0 0.0
15 41.1556 0.0 1000.0 0.0 0.0
16 51.4445 0.0 250.0 0.0 0.0
17 51.4445 0.0 250.0 0.0 0.0
18 51.4445 0.0 500.0 0.0 0.0
19 51.4445 0.0 500.0 0.0 0.0
20 51.4445 0.0 1000.0 0.0 0.0
21 51.4445 0.0 1000.0 0.0 0.0
22 61.733399999999996 0.0 250.0 0.0 0.0
23 61.733399999999996 0.0 250.0 0.0 0.0
24 61.733399999999996 0.0 500.0 0.0 0.0
25 61.733399999999996 0.0 500.0 0.0 0.0
26 61.733399999999996 0.0 1000.0 0.0 0.0
27 61.733399999999996 0.0 1000.0 0.0 0.0
28 30.8667 0.2617993877991494 0.0 0.0 0.0
29 30.8667 0.2617993877991494 0.0 0.0 0.0
30 30.8667 0.47123889803846897 0.0 0.0 0.0
31 30.8667 0.47123889803846897 0.0 0.0 0.0
32 30.8667 0.03490658503988659 0.0 0.0 0.0
33 30.8667 0.03490658503988659 0.0 0.0 0.0
34 30.8667 0.12217304763960307 0.0 0.0 0.0
35 30.8667 0.12217304763960307 0.0 0.0 0.0
36 30.8667 0.2617993877991494 250.0 0.0 0.0
37 30.8667 0.2617993877991494 250.0 0.0 0.0
38 30.8667 0.47123889803846897 250.0 0.0 0.0
39 30.8667 0.47123889803846897 250.0 0.0 0.0
40 30.8667 0.03490658503988659 250.0 0.0 0.0
41 30.8667 0.03490658503988659 250.0 0.0 0.0
42 30.8667 0.12217304763960307 250.0 0.0 0.0
43 30.8667 0.12217304763960307 250.0 0.0 0.0
44 30.8667 0.2617993877991494 500.0 0.0 0.0
45 30.8667 0.2617993877991494 500.0 0.0 0.0
46 30.8667 0.47123889803846897 500.0 0.0 0.0
47 30.8667 0.47123889803846897 500.0 0.0 0.0
48 30.8667 0.03490658503988659 500.0 0.0 0.0
49 30.8667 0.03490658503988659 500.0 0.0 0.0
50 30.8667 0.12217304763960307 500.0 0.0 0.0
51 30.8667 0.12217304763960307 500.0 0.0 0.0
52 30.8667 0.2617993877991494 1000.0 0.0 0.0
53 30.8667 0.2617993877991494 1000.0 0.0 0.0
54 30.8667 0.47123889803846897 1000.0 0.0 0.0
55 30.8667 0.47123889803846897 1000.0 0.0 0.0
56 30.8667 0.03490658503988659 1000.0 0.0 0.0
57 30.8667 0.03490658503988659 1000.0 0.0 0.0
58 30.8667 0.12217304763960307 1000.0 0.0 0.0
59 30.8667 0.12217304763960307 1000.0 0.0 0.0
60 41.1556 0.2617993877991494 0.0 0.0 0.0
61 41.1556 0.2617993877991494 0.0 0.0 0.0
62 41.1556 0.47123889803846897 0.0 0.0 0.0
63 41.1556 0.47123889803846897 0.0 0.0 0.0
64 41.1556 0.03490658503988659 0.0 0.0 0.0
65 41.1556 0.03490658503988659 0.0 0.0 0.0
66 41.1556 0.12217304763960307 0.0 0.0 0.0
67 41.1556 0.12217304763960307 0.0 0.0 0.0
68 41.1556 0.2617993877991494 250.0 0.0 0.0
69 41.1556 0.2617993877991494 250.0 0.0 0.0
70 41.1556 0.47123889803846897 250.0 0.0 0.0
71 41.1556 0.47123889803846897 250.0 0.0 0.0
72 41.1556 0.03490658503988659 250.0 0.0 0.0
73 41.1556 0.03490658503988659 250.0 0.0 0.0
74 41.1556 0.12217304763960307 250.0 0.0 0.0
75 41.1556 0.12217304763960307 250.0 0.0 0.0
76 41.1556 0.2617993877991494 500.0 0.0 0.0
77 41.1556 0.2617993877991494 500.0 0.0 0.0
78 41.1556 0.47123889803846897 500.0 0.0 0.0
79 41.1556 0.47123889803846897 500.0 0.0 0.0
80 41.1556 0.03490658503988659 500.0 0.0 0.0
81 41.1556 0.03490658503988659 500.0 0.0 0.0
82 41.1556 0.12217304763960307 500.0 0.0 0.0
83 41.1556 0.12217304763960307 500.0 0.0 0.0
84 41.1556 0.2617993877991494 1000.0 0.0 0.0
85 41.1556 0.2617993877991494 1000.0 0.0 0.0
86 41.1556 0.47123889803846897 1000.0 0.0 0.0
87 41.1556 0.47123889803846897 1000.0 0.0 0.0
88 41.1556 0.03490658503988659 1000.0 0.0 0.0
89 41.1556 0.03490658503988659 1000.0 0.0 0.0
90 41.1556 0.12217304763960307 1000.0 0.0 0.0
91 41.1556 0.12217304763960307 1000.0 0.0 0.0
92 51.4445 0.2617993877991494 0.0 0.0 0.0
93 51.4445 0.2617993877991494 0.0 0.0 0.0
94 51.4445 0.47123889803846897 0.0 0.0 0.0
95 51.4445 0.47123889803846897 0.0 0.0 0.0
96 51.4445 0.03490658503988659 0.0 0.0 0.0
97 51.4445 0.03490658503988659 0.0 0.0 0.0
98 51.4445 0.12217304763960307 0.0 0.0 0.0
99 51.4445 0.12217304763960307 0.0 0.0 0.0
100 51.4445 0.2617993877991494 250.0 0.0 0.0
101 51.4445 0.2617993877991494 250.0 0.0 0.0
102 51.4445 0.47123889803846897 250.0 0.0 0.0
103 51.4445 0.47123889803846897 250.0 0.0 0.0
104 51.4445 0.03490658503988659 250.0 0.0 0.0
105 51.4445 0.03490658503988659 250.0 0.0 0.0
106 51.4445 0.12217304763960307 250.0 0.0 0.0
107 51.4445 0.12217304763960307 250.0 0.0 0.0
108 51.4445 0.2617993877991494 500.0 0.0 0.0
109 51.4445 0.2617993877991494 500.0 0.0 0.0
110 51.4445 0.47123889803846897 500.0 0.0 0.0
111 51.4445 0.47123889803846897 500.0 0.0 0.0
112 51.4445 0.03490658503988659 500.0 0.0 0.0
113 51.4445 0.03490658503988659 500.0 0.0 0.0
114 51.4445 0.12217304763960307 500.0 0.0 0.0
115 51.4445 0.12217304763960307 500.0 0.0 0.0
116 51.4445 0.2617993877991494 1000.0 0.0 0.0
117 51.4445 0.2617993877991494 1000.0 0.0 0.0
118 51.4445 0.47123889803846897 1000.0 0.0 0.0
119 51.4445 -0.47123889803846897 0.0 0.0 0.0
120 51.4445 0.03490658503988659 1000.0 0.0 0.0
121 51.4445 0.03490658503988659 1000.0 0.0 0.0
122 51.4445 0.12217304763960307 1000.0 0.0 0.0
123 51.4445 0.12217304763960307 1000.0 0.0 0.0
124 61.733399999999996 0.2617993877991494 0.0 0.0 0.0
125 61.733399999999996 0.2617993877991494 0.0 0.0 0.0
126 61.733399999999996 -0.47123889803846897 0.0 0.0 0.0
127 61.733399999999996 0.47123889803846897 0.0 0.0 0.0
128 61.733399999999996 0.03490658503988659 0.0 0.0 0.0
129 61.733399999999996 0.03490658503988659 0.0 0.0 0.0
130 61.733399999999996 0.12217304763960307 0.0 0.0 0.0
131 61.733399999999996 0.12217304763960307 0.0 0.0 0.0
132 61.733399999999996 0.2617993877991494 250.0 0.0 0.0
133 61.733399999999996 0.2617993877991494 250.0 0.0 0.0
134 61.733399999999996 0.47123889803846897 250.0 0.0 0.0
135 61.733399999999996 0.47123889803846897 250.0 0.0 0.0
136 61.733399999999996 0.03490658503988659 250.0 0.0 0.0
137 61.733399999999996 0.03490658503988659 250.0 0.0 0.0
138 61.733399999999996 0.12217304763960307 250.0 0.0 0.0
139 61.733399999999996 0.12217304763960307 250.0 0.0 0.0
140 61.733399999999996 0.2617993877991494 500.0 0.0 0.0
141 61.733399999999996 0.2617993877991494 500.0 0.0 0.0
142 61.733399999999996 0.47123889803846897 500.0 0.0 0.0
143 61.733399999999996 0.47123889803846897 500.0 0.0 0.0
144 61.733399999999996 0.03490658503988659 500.0 0.0 0.0
145 61.733399999999996 0.03490658503988659 500.0 0.0 0.0
146 61.733399999999996 0.12217304763960307 500.0 0.0 0.0
147 61.733399999999996 0.12217304763960307 500.0 0.0 0.0
148 61.733399999999996 0.2617993877991494 1000.0 0.0 0.0
149 61.733399999999996 0.2617993877991494 1000.0 0.0 0.0
150 61.733399999999996 0.47123889803846897 1000.0 0.0 0.0
151 61.733399999999996 0.47123889803846897 1000.0 0.0 0.0
152 61.733399999999996 0.03490658503988659 1000.0 0.0 0.0
153 61.733399999999996 0.03490658503988659 1000.0 0.0 0.0
154 61.733399999999996 0.12217304763960307 1000.0 0.0 0.0
155 61.733399999999996 0.12217304763960307 1000.0 0.0 0.0
156 30.8667 0.2617993877991494 -250.0 0.0 0.0
157 30.8667 0.2617993877991494 -250.0 0.0 0.0
158 30.8667 0.47123889803846897 -250.0 0.0 0.0
159 30.8667 0.47123889803846897 -250.0 0.0 0.0
160 30.8667 0.03490658503988659 -250.0 0.0 0.0
161 30.8667 0.03490658503988659 -250.0 0.0 0.0
162 30.8667 0.12217304763960307 -250.0 0.0 0.0
163 30.8667 0.12217304763960307 -250.0 0.0 0.0
164 30.8667 0.2617993877991494 -500.0 0.0 0.0
165 30.8667 0.2617993877991494 -500.0 0.0 0.0
166 30.8667 0.47123889803846897 -500.0 0.0 0.0
167 30.8667 0.47123889803846897 -500.0 0.0 0.0
168 30.8667 0.03490658503988659 -500.0 0.0 0.0
169 30.8667 0.03490658503988659 -500.0 0.0 0.0
170 30.8667 0.12217304763960307 -500.0 0.0 0.0
171 30.8667 0.12217304763960307 -500.0 0.0 0.0
172 30.8667 0.2617993877991494 -1000.0 0.0 0.0
173 30.8667 0.2617993877991494 -1000.0 0.0 0.0
174 30.8667 0.47123889803846897 -1000.0 0.0 0.0
175 30.8667 0.47123889803846897 -1000.0 0.0 0.0
176 30.8667 0.03490658503988659 -1000.0 0.0 0.0
177 30.8667 0.03490658503988659 -1000.0 0.0 0.0
178 30.8667 0.12217304763960307 -1000.0 0.0 0.0
179 30.8667 0.12217304763960307 -1000.0 0.0 0.0
180 41.1556 0.2617993877991494 -250.0 0.0 0.0
181 41.1556 0.2617993877991494 -250.0 0.0 0.0
182 41.1556 0.47123889803846897 -250.0 0.0 0.0
183 41.1556 0.47123889803846897 -250.0 0.0 0.0
184 41.1556 0.03490658503988659 -250.0 0.0 0.0
185 41.1556 0.03490658503988659 -250.0 0.0 0.0
186 41.1556 0.12217304763960307 -250.0 0.0 0.0
187 41.1556 0.12217304763960307 -250.0 0.0 0.0
188 41.1556 0.2617993877991494 -500.0 0.0 0.0
189 41.1556 0.2617993877991494 -500.0 0.0 0.0
190 41.1556 0.47123889803846897 -500.0 0.0 0.0
191 41.1556 0.47123889803846897 -500.0 0.0 0.0
192 41.1556 0.03490658503988659 -500.0 0.0 0.0
193 41.1556 0.03490658503988659 -500.0 0.0 0.0
194 41.1556 0.12217304763960307 -500.0 0.0 0.0
195 41.1556 0.12217304763960307 -500.0 0.0 0.0
196 41.1556 0.2617993877991494 -1000.0 0.0 0.0
197 41.1556 0.2617993877991494 -1000.0 0.0 0.0
198 41.1556 0.47123889803846897 -1000.0 0.0 0.0
199 41.1556 -0.47123889803846897 -1000.0 0.0 0.0
200 41.1556 0.03490658503988659 -1000.0 0.0 0.0
201 41.1556 0.03490658503988659 -1000.0 0.0 0.0
202 41.1556 0.12217304763960307 -1000.0 0.0 0.0
203 41.1556 0.12217304763960307 -1000.0 0.0 0.0
204 51.4445 0.2617993877991494 -250.0 0.0 0.0
205 51.4445 0.2617993877991494 -250.0 0.0 0.0
206 51.4445 0.47123889803846897 -250.0 0.0 0.0
207 51.4445 0.47123889803846897 -250.0 0.0 0.0
208 51.4445 0.03490658503988659 -250.0 0.0 0.0
209 51.4445 0.03490658503988659 -250.0 0.0 0.0
210 51.4445 0.12217304763960307 -250.0 0.0 0.0
211 51.4445 0.12217304763960307 -250.0 0.0 0.0
212 51.4445 0.2617993877991494 -500.0 0.0 0.0
213 51.4445 0.2617993877991494 -500.0 0.0 0.0
214 51.4445 0.47123889803846897 -500.0 0.0 0.0
215 51.4445 0.47123889803846897 -500.0 0.0 0.0
216 51.4445 0.03490658503988659 -500.0 0.0 0.0
217 51.4445 0.03490658503988659 -500.0 0.0 0.0
218 51.4445 0.12217304763960307 -500.0 0.0 0.0
219 51.4445 0.12217304763960307 -500.0 0.0 0.0
220 51.4445 0.2617993877991494 -1000.0 0.0 0.0
221 51.4445 0.2617993877991494 -1000.0 0.0 0.0
222 51.4445 0.47123889803846897 -1000.0 0.0 0.0
223 51.4445 0.47123889803846897 -1000.0 0.0 0.0
224 51.4445 0.03490658503988659 -1000.0 0.0 0.0
225 51.4445 0.03490658503988659 -1000.0 0.0 0.0
226 51.4445 0.12217304763960307 -1000.0 0.0 0.0
227 51.4445 0.12217304763960307 -1000.0 0.0 0.0
228 61.733399999999996 0.2617993877991494 -250.0 0.0 0.0
229 61.733399999999996 0.2617993877991494 -250.0 0.0 0.0
230 61.733399999999996 0.47123889803846897 -250.0 0.0 0.0
231 61.733399999999996 0.47123889803846897 -250.0 0.0 0.0
232 61.733399999999996 0.03490658503988659 -250.0 0.0 0.0
233 61.733399999999996 0.03490658503988659 -250.0 0.0 0.0
234 61.733399999999996 0.12217304763960307 -250.0 0.0 0.0
235 61.733399999999996 0.12217304763960307 -250.0 0.0 0.0
236 61.733399999999996 0.0 -500.0 0.0 0.0
237 61.733399999999996 0.2617993877991494 -500.0 0.0 0.0
238 61.733399999999996 0.47123889803846897 -500.0 0.0 0.0
239 61.733399999999996 0.47123889803846897 -500.0 0.0 0.0
240 61.733399999999996 0.03490658503988659 -500.0 0.0 0.0
241 61.733399999999996 0.03490658503988659 -500.0 0.0 0.0
242 61.733399999999996 0.12217304763960307 -500.0 0.0 0.0
243 61.733399999999996 0.12217304763960307 -500.0 0.0 0.0
244 61.733399999999996 0.2617993877991494 -1000.0 0.0 0.0
245 61.733399999999996 0.2617993877991494 -1000.0 0.0 0.0
246 61.733399999999996 0.47123889803846897 -1000.0 0.0 0.0
247 61.733399999999996 0.47123889803846897 -1000.0 0.0 0.0
248 61.733399999999996 0.03490658503988659 -1000.0 0.0 0.0
249 61.733399999999996 0.03490658503988659 -1000.0 0.0 0.0
250 61.733399999999996 0.12217304763960307 -1000.0 0.0 0.0
251 61.733399999999996 0.12217304763960307 -1000.0 0.0 0.0
